-4,	-4,	0.12122630632156
-4,	-3,	0.28268306685564
-4,	-2,	0.18441009444228
-4,	-1,	0.0224771079374237
-4,	0,	0.288581360795158
-4,	1,	0.590515613888243
-4,	2,	0.632607265250279
-4,	3,	0.254785274432336
-4,	4,	0.385610963786789
-3,	-4,	0.58075787849306
-3,	-3,	0.202433264393882
-3,	-2,	0.35644308029061
-3,	-1,	0.455995685935332
-3,	0,	0.140079179467708
-3,	1,	0.0925956786240221
-3,	2,	0.0285507988221738
-3,	3,	0.405044880417584
-3,	4,	0.841992435960776
-2,	-4,	0.64346173590301
-2,	-3,	0.257384206893569
-2,	-2,	0.0257977367110787
-2,	-1,	0.133436261542737
-2,	0,	0.191976678043966
-2,	1,	0.302756196236029
-2,	2,	0.282892636595207
-2,	3,	0.108059562751549
-2,	4,	0.181939814776499
-1,	-4,	0.593070358206205
-1,	-3,	0.0298988355397949
-1,	-2,	0.0547316929519375
-1,	-1,	0.0133081771809094
-1,	0,	0.295681337494297
-1,	1,	0.0826086739902294
-1,	2,	0.0995138133115603
-1,	3,	0.233191345910313
-1,	4,	0.15427974063288
0,	-4,	0.311055407421276
0,	-3,	0.0410903318878137
0,	-2,	0.00728015614135025
0,	-1,	0.129015577024116
0,	0,	0.117283412048731
0,	1,	0.2613738933587
0,	2,	0.517061151024496
0,	3,	0.416980102101181
0,	4,	0.321966151779201
1,	-4,	0.213060264033327
1,	-3,	0.18542698245091
1,	-2,	0.0498141882530732
1,	-1,	0.113149224563909
1,	0,	0.145238303910903
1,	1,	0.087268946682423
1,	2,	0.0334915494346895
1,	3,	0.336568318419969
1,	4,	0.441335233631747
2,	-4,	0.101500103780225
2,	-3,	0.248352456508272
2,	-2,	0.228175135275094
2,	-1,	0.0944985253190289
2,	0,	0.0172597064372608
2,	1,	0.190496988521111
2,	2,	0.00899464102330061
2,	3,	0.20130550470726
2,	4,	0.0211193226793434
3,	-4,	0.12615242637996
3,	-3,	0.320787118915256
3,	-2,	0.287427757652058
3,	-1,	0.140415382336478
3,	0,	0.16485747236506
3,	1,	0.201412182480336
3,	2,	0.183572922546795
3,	3,	0.084189858910694
3,	4,	0.0369616026512745
4,	-4,	0.00258675311194168
4,	-3,	0.0666683340279235
4,	-2,	0.190446467015096
4,	-1,	0.281924306384173
4,	0,	0.135292096299152
4,	1,	0.410448504414559
4,	2,	0.135185866017425
4,	3,	0.215557102110404
4,	4,	0.0826084565983187
